[gd_scene load_steps=5 format=3 uid="uid://eq1pgsn2bp3k"]

[sub_resource type="BoxShape3D" id="BoxShape3D_uwrxv"]
size = Vector3(20, 1, 20)

[sub_resource type="BoxMesh" id="BoxMesh_uwrxv"]
resource_local_to_scene = true
size = Vector3(20, 1, 20)

[sub_resource type="BoxShape3D" id="BoxShape3D_8cj0n"]
size = Vector3(7, 1, 9)

[sub_resource type="BoxMesh" id="BoxMesh_8cj0n"]
resource_local_to_scene = true
size = Vector3(7, 1, 9)

[node name="game_world" type="Node3D"]

[node name="map" type="Node3D" parent="."]
transform = Transform3D(-1, 0, -8.742278e-08, 0, 1, 0, 8.742278e-08, 0, -1, 0, 0, 0)

[node name="floor" type="StaticBody3D" parent="map"]

[node name="CollisionShape3D" type="CollisionShape3D" parent="map/floor"]
transform = Transform3D(1, 0, 0, 0, 1, 0, 0, 0, 1, 0, -0.5, 0)
shape = SubResource("BoxShape3D_uwrxv")

[node name="MeshInstance3D" type="MeshInstance3D" parent="map/floor"]
transform = Transform3D(1, 0, 0, 0, 1, 0, 0, 0, 1, 0, -0.5, 0)
mesh = SubResource("BoxMesh_uwrxv")

[node name="floor2" type="StaticBody3D" parent="map"]
transform = Transform3D(1, 0, 0, 0, 0.9524915, 0.30456507, 0, -0.30456507, 0.9524915, 5.4832106, 1.2383995, 0)

[node name="CollisionShape3D" type="CollisionShape3D" parent="map/floor2"]
transform = Transform3D(1, 0, 0, 0, 1, 0, 0, 0, 1, 0, -0.5, 0)
shape = SubResource("BoxShape3D_8cj0n")

[node name="MeshInstance3D" type="MeshInstance3D" parent="map/floor2"]
transform = Transform3D(1, 0, 0, 0, 1, 2.6013366e-08, 0, -2.6013366e-08, 1, 0, -0.5, 0)
mesh = SubResource("BoxMesh_8cj0n")

[node name="floor3" type="StaticBody3D" parent="map"]
transform = Transform3D(1, 0, 0, 0, 0.9988634, 0.04766433, 0, -0.04766433, 0.9988634, 5.4832106, 3.5301297, 8.649468)

[node name="CollisionShape3D" type="CollisionShape3D" parent="map/floor3"]
transform = Transform3D(1, 0, 0, 0, 1, 0, 0, 0, 1, 0, -0.5, 0)
shape = SubResource("BoxShape3D_8cj0n")

[node name="MeshInstance3D" type="MeshInstance3D" parent="map/floor3"]
transform = Transform3D(1, 0, 0, 0, 1, 2.6013366e-08, 0, -2.6013366e-08, 1, 0, -0.5, 0)
mesh = SubResource("BoxMesh_8cj0n")

[node name="floor4" type="StaticBody3D" parent="map"]
transform = Transform3D(1, 0, 0, 0, 0.9988634, 0.04766433, 0, -0.04766433, 0.9988634, -0.71627474, 4.247388, 8.649468)

[node name="CollisionShape3D" type="CollisionShape3D" parent="map/floor4"]
transform = Transform3D(1, 0, 0, 0, 1, 0, 0, 0, 1, 0, -0.5, 0)
shape = SubResource("BoxShape3D_8cj0n")

[node name="MeshInstance3D" type="MeshInstance3D" parent="map/floor4"]
transform = Transform3D(1, 0, 0, 0, 1, 2.6013366e-08, 0, -2.6013366e-08, 1, 0, -0.5, 0)
mesh = SubResource("BoxMesh_8cj0n")

[node name="DirectionalLight3D" type="DirectionalLight3D" parent="."]
transform = Transform3D(1, 0, 0, 0, -4.371139e-08, 1, 0, -1, -4.371139e-08, 0, 0, 0)
shadow_enabled = true

[node name="MultiplayerSpawner" type="MultiplayerSpawner" parent="."]
_spawnable_scenes = PackedStringArray("uid://clvjfj3e7twfm")
spawn_path = NodePath("..")

[node name="Camera3D" type="Camera3D" parent="."]
transform = Transform3D(1, 0, 0, 0, 0.79122365, 0.6115271, 0, -0.6115271, 0.79122365, 0, 6.996, 10)
